2.29005867464166712466067110653967e+00
2.29005867464052137449925794498995e+00
2.29005867464074031047971402585972e+00


2.290058831580718e+00

1.323781186625690e-01
1.323781186615865e-01
1.323781169007189e-01

1.327422171948766e-01
1.327611872187502e-01
1.327608621705005e-01
1.327608616514761e-01
1.327608616615528e-01


3.831415800252063e-02
3.832090720855668e-02
3.832085389315823e-02
3.832085413104760e-02


4.112597029479053e-02
4.112597105495529e-02
4.112597105547537e-02

3 1.328206048796690e-01
2 1.328206048821398e-01
1 1.328206010693787e-01
0 1.328194368285633e-01

2.992376609965132e-02
2.992376609729375e-02
2.992376486768435e-02

0 5.367675810697339e-03
1 5.367726408368171e-03
2 5.367726505105576e-03
3 5.367726505039039e-03




2 4.914333785660195e-03
1 4.914333846634606e-03
0 4.914379388065105e-03


3.141201786814852e-06
3.141199863936725e-06


3.382851267952897e-02
3.382851698534999e-02

1.353140679414003e-01
1.353140507181157e-01
1.353023940946495e-01

2.825727686700513e-01
2.825727687237886e-01

1.089586969348904e+00
1.089586969348904e+00
1.089904098887087e+00
1.089703086450913e+00

1.096326692181698e+00


 5.89256e-02 -5.20833e-03 -9.02110e-03 -7.04731e-19 -2.05998e-18 -5.42101e-19 -6.23416e-18 -1.10589e-17 -9.32414e-18 -7.04731e-18 2.16840e-18 4.39102e-18 9.75782e-19 -3.90313e-18 -3.25261e-18 -1.62630e-18 -8.89046e-18 -1.43115e-17 -9.10730e-18 -7.48099e-18 -9.43256e-18 8.86335e-18 7.86047e-18 1.78893e-18 -4.28260e-18 -7.80626e-18 1.42030e-17 -1.84314e-18 -6.36969e-19 -1.12486e-17 -6.91179e-18 1.32815e-17 3.95734e-18 0.00000e+00 -6.07153e-18 -1.57751e-17 -1.50026e-17 -2.49909e-17 3.98444e-18 -2.03288e-17 8.51099e-18 7.31836e-18 2.35814e-17 2.13046e-17 -6.12574e-18
  1.91508e-01 -5.20833e-03 -9.02110e-03 1.08420e-18 -1.04083e-17 -1.95156e-17 -2.14672e-17 -3.33934e-17 -2.99240e-17 -2.08167e-17 6.93889e-18 6.72205e-18 -4.77049e-18 -2.77556e-17 -2.08167e-17 -4.66207e-18 -2.42861e-17 -3.94650e-17 -3.29597e-17 -1.82146e-17 -3.25261e-17 2.43945e-17 1.53957e-17 -6.50521e-19 -1.10589e-17 -2.86229e-17 3.64292e-17 -1.38778e-17 -4.87891e-19 -3.64292e-17 -2.69966e-17 4.42354e-17 1.30104e-17 1.25767e-17 -1.73472e-18 -5.91974e-17 -5.46438e-17 -1.04165e-16 2.56549e-17 -5.46980e-17 2.88398e-17 1.92988e-17 8.17488e-17 7.28584e-17 -4.93312e-17